F(x) = 0.25*(x)^2*(1-x)^2*(1+x)^2 +2.1 - x^4

Minima: -1.9786, -0.29179, 0.29179, -1.9786

Roots: +/-2.35, +/-1.215,
